start=1424.256167
speed=1.464100
fullscreen=yes
