start=1394.393000
speed=2.593742
fullscreen=yes
