start=1398.397000
volume=115.000000
fullscreen=yes
