start=1391.890500
volume=105.000000
fullscreen=yes
contrast=-1
