start=1393.058333
volume=130.000000
fullscreen=yes
