start=1396.770375
volume=55.000000
fullscreen=yes
