start=1395.185458
speed=2.143589
fullscreen=yes
