start=1394.017625
speed=1.948717
fullscreen=yes
