start=1393.141750
speed=2.357948
fullscreen=yes
