start=1400.357292
volume=60.000000
fullscreen=yes
