start=105.918833
pause=yes
volume=70.000000
