start=1403.568833
speed=1.210000
fullscreen=yes
