start=488.233000
speed=1.464100
fullscreen=yes
