start=1430.862392
speed=2.143589
pause=yes
volume=110.000000
