start=1391.973917
speed=1.610510
fullscreen=yes
