start=1399.898500
volume=70.000000
fullscreen=yes
