start=1393.100042
speed=2.143589
fullscreen=yes
