start=1391.723667
volume=80.000000
fullscreen=yes
