start=1396.812083
volume=83.000000
fullscreen=yes
