start=1393.183458
speed=1.948717
fullscreen=yes
