start=2607.367000
speed=1.464100
pause=yes
volume=80.000000
