start=1394.559833
speed=2.143589
volume=105.000000
fullscreen=yes
