start=1391.098042
volume=80.000000
fullscreen=yes
