start=1423.964208
speed=1.610510
fullscreen=yes
