start=1399.731667
speed=2.143589
fullscreen=yes
