start=1396.728667
volume=115.000000
fullscreen=yes
