start=1392.974917
speed=2.143589
fullscreen=yes
