start=1391.181458
volume=80.000000
fullscreen=yes
