start=1430.720726
pause=yes
volume=70.000000
