start=1395.560833
speed=1.948717
fullscreen=yes
