start=1392.349292
volume=105.000000
fullscreen=yes
