start=1397.098897
volume=130.000000
fullscreen=yes
