start=1395.352292
speed=2.143589
fullscreen=yes
