start=1393.558833
pause=yes
volume=45.000000
