start=183.566000
pause=yes
volume=75.000000
