start=1392.808083
volume=80.000000
fullscreen=yes
