start=1393.016625
speed=1.948717
fullscreen=yes
