start=1403.110042
volume=116.000000
