start=1402.234167
volume=80.000000
