start=1394.726667
speed=2.143589
fullscreen=yes
