start=1427.884792
volume=130.000000
fullscreen=yes
