start=1393.433708
speed=2.143589
fullscreen=yes
