start=714.241131
speed=1.948717
pause=yes
