start=1406.238167
volume=70.000000
fullscreen=yes
