start=1392.766375
speed=2.143589
fullscreen=yes
