start=1393.183458
speed=2.143589
fullscreen=yes
