start=1394.059333
speed=2.143589
fullscreen=yes
