start=1392.849792
volume=130.000000
fullscreen=yes
