start=1392.265875
speed=1.948717
fullscreen=yes
