start=1391.681958
pause=yes
volume=130.000000
