start=7818.769292
volume=115.000000
