start=1394.893500
volume=130.000000
fullscreen=yes
