start=1421.670250
pause=yes
volume=80.000000
sub-delay=0.100000
sub-visibility=no
