start=1321.042271
pause=yes
volume=50.000000
