start=1392.391000
speed=1.610510
fullscreen=yes
