start=1397.562833
volume=90.000000
fullscreen=yes
