start=1388.053333
volume=80.000000
