start=777.367000
pause=yes
volume=80.000000
