start=1396.144750
volume=130.000000
