start=1395.727667
speed=1.771561
fullscreen=yes
