start=1393.433708
speed=1.464100
volume=85.000000
fullscreen=yes
