start=1391.890500
volume=130.000000
fullscreen=yes
