start=1428.093333
speed=1.464100
fullscreen=yes
